-1.000000 2.850000
-0.950000 2.281764
-0.900000 1.825624
-0.850000 1.465543
-0.800000 1.186928
-0.750000 0.976562
-0.700000 0.822552
-0.650000 0.714261
-0.600000 0.642256
-0.550000 0.598240
-0.500000 0.575000
-0.450000 0.566339
-0.400000 0.567024
-0.350000 0.572719
-0.300000 0.579928
-0.250000 0.585938
-0.200000 0.588752
-0.150000 0.587036
-0.100000 0.580056
-0.050000 0.567615
0.000000 0.550000
0.050000 0.527915
0.100000 0.502424
0.150000 0.474893
0.200000 0.446928
0.250000 0.420312
0.300000 0.396952
0.350000 0.378811
0.400000 0.367856
0.450000 0.365991
0.500000 0.375000
0.550000 0.396490
0.600000 0.431824
0.650000 0.482069
0.700000 0.547928
0.750000 0.629688
0.800000 0.727152
0.850000 0.839587
0.900000 0.965656
0.950000 1.103366
